-1.875499725341796875e+00 8.820709586143493652e-02 1.089610219001770020e+00 1.364829182624816895e+00
-1.953101158142089844e-01 -8.179149031639099121e-01 -9.502379298210144043e-01 7.343731522560119629e-01
-1.119642853736877441e+00 -2.445766687393188477e+00 -1.343641877174377441e+00 3.509734392166137695e+00
-4.790768958628177643e-03 -1.532623291015625000e+00 -1.195679545402526855e+00 -3.293115198612213135e-01
-9.614215046167373657e-02 -7.727636694908142090e-01 2.054320335388183594e+00 -1.299703955650329590e+00
-3.534691631793975830e-01 -4.085558950901031494e-01 -1.014887332916259766e+00 1.977310776710510254e-01
-1.222192168235778809e+00 1.016077041625976562e+00 2.779934406280517578e+00 -2.279003262519836426e-01
8.877626061439514160e-01 8.824589848518371582e-01 9.714852571487426758e-01 2.311979383230209351e-01
-1.195192813873291016e+00 -1.555826783180236816e+00 -6.044563055038452148e-01 -7.620392441749572754e-01
1.112148165702819824e+00 3.331067860126495361e-01 -8.639967441558837891e-01 -1.526070684194564819e-01
-1.535957813262939453e+00 -1.251521825790405273e+00 -2.849431991577148438e+00 -1.018737435340881348e+00
-9.034234285354614258e-01 -3.207537829875946045e-01 -3.833108544349670410e-01 -1.098968625068664551e+00
-1.007477045059204102e+00 1.073938846588134766e+00 9.517385959625244141e-01 -4.373751282691955566e-01
1.240521073341369629e+00 -1.041523337364196777e+00 5.620319843292236328e-01 -4.227954149246215820e-01
-1.391142725944519043e+00 -4.104463756084442139e-01 2.131814956665039062e+00 2.653358578681945801e-01
-3.021985292434692383e-01 -6.033102273941040039e-01 5.744799971580505371e-01 -3.600956797599792480e-01
1.838766634464263916e-01 -3.793387115001678467e-01 -7.905336469411849976e-02 6.774541735649108887e-01
-1.527018904685974121e+00 -1.231709480285644531e+00 1.464931011199951172e+00 3.282504677772521973e-01
-1.434044599533081055e+00 -8.150158524513244629e-01 -3.626805543899536133e-01 2.468343973159790039e+00
1.094672009348869324e-01 1.250052094459533691e+00 1.027349948883056641e+00 -3.758726418018341064e-01
-2.796012461185455322e-01 9.003764986991882324e-01 1.307866811752319336e+00 -1.770477443933486938e-01
-1.600267410278320312e+00 1.221574783325195312e+00 8.405616283416748047e-01 7.242473363876342773e-01
-4.432833492755889893e-01 -5.663722157478332520e-01 1.608814001083374023e+00 -2.028620719909667969e+00
-1.559095025062561035e+00 8.623197674751281738e-01 -1.879307031631469727e+00 -1.030593514442443848e+00
2.973612248897552490e-01 2.287920951843261719e+00 -1.545573234558105469e+00 -6.334294080734252930e-01
-1.047866582870483398e+00 3.074899196624755859e+00 -9.079912304878234863e-01 -6.640526652336120605e-01
