-1.344697952270507812e+00 2.830243110656738281e-01 -1.132907271385192871e+00 -1.258853450417518616e-02
-3.093910455703735352e+00 -2.855461835861206055e+00 6.854741573333740234e+00 -2.945090293884277344e+00
-2.622669935226440430e+00 -3.127614259719848633e+00 6.895339488983154297e+00 -3.142919301986694336e+00
-1.626909255981445312e+00 -9.196014404296875000e-01 -1.396210432052612305e+00 4.524435043334960938e+00
-3.042883396148681641e+00 8.037807464599609375e+00 -3.510521888732910156e+00 -3.376656055450439453e+00
-2.173487901687622070e+00 -2.671014070510864258e+00 -2.764412164688110352e+00 3.980352640151977539e+00
1.519926786422729492e+00 -1.277791857719421387e-01 6.467527151107788086e-01 -7.034686952829360962e-02
2.143363237380981445e+00 2.114971876144409180e+00 -1.320003390312194824e+00 -1.042012929916381836e+00
-1.636965155601501465e+00 2.352212965488433838e-01 8.030991554260253906e-01 -1.659775078296661377e-01
1.287277817726135254e+00 -1.686419397592544556e-01 -8.158681392669677734e-01 2.086843848228454590e-01
-3.483580350875854492e+00 -2.481374025344848633e+00 -2.455331802368164062e+00 4.847720623016357422e+00
-1.543512582778930664e+00 1.909836754202842712e-02 -6.319743990898132324e-01 1.379077434539794922e+00
-6.989133358001708984e-01 -1.169763207435607910e+00 1.555704712867736816e+00 -1.743140101432800293e+00
-2.659754753112792969e-01 -1.287573575973510742e+00 -1.706170558929443359e+00 3.660503625869750977e+00
-9.759966135025024414e-01 2.765004634857177734e+00 3.447984755039215088e-01 -2.531826019287109375e+00
9.557092189788818359e-01 -7.775127291679382324e-01 -1.272105336189270020e+00 9.441697001457214355e-01
3.319377899169921875e+00 -4.840053915977478027e-01 1.639653921127319336e+00 -8.531023263931274414e-01
-1.769038796424865723e+00 1.247670173645019531e+00 -2.910077333450317383e+00 -2.073192358016967773e+00
1.686203956604003906e+00 1.459054350852966309e-01 1.447566628456115723e+00 -2.190640211105346680e+00
1.199825286865234375e+00 2.398241043090820312e+00 -1.430696398019790649e-01 1.492992341518402100e-01
8.397202491760253906e-01 2.873525142669677734e+00 -1.133515954017639160e+00 -1.577990889549255371e+00
3.375690460205078125e+00 1.611866593360900879e+00 -1.647067219018936157e-01 -5.289862751960754395e-01
-1.303093910217285156e+00 6.039626121520996094e+00 -2.041543960571289062e+00 1.471428666263818741e-02
2.701800346374511719e+00 -2.755062818527221680e+00 2.112318515777587891e+00 8.625913858413696289e-01
7.448893070220947266e+00 -2.498172044754028320e+00 -3.704971313476562500e+00 -2.871872186660766602e+00
7.538099765777587891e+00 -1.814467191696166992e+00 -3.755210399627685547e+00 -3.777592658996582031e+00
